% 声明连杆参数
L1 = 160;
L2 = sqrt(73^2+164^2);
theta = arctan(73/164);
